124 17 91
111 101
55 32
43 33
84 96
111 86
65 68
89 123
51 21
50 99
53 116
17 99
29 32
124 19
83 123
121 84
30 21
61 101
30 26 836858611
121 59 76077577
43 87 206000986
107 81 136744841
23 36 191399261
107 38 206943361
12 6 449799273
61 90 658139401
17 80 282540977
96 107 778220857
86 88 678437761
103 89 20158360
57 1 249089473
83 53 377526991
80 15 55291281
3 86 637189321
84 85 54293401
95 75 585439531
123 42 135893336
66 31 107628061
43 42 98232751
116 33 38501770
17 2 181544155
36 4 244960498
31 123 150435961
75 105 643831449
62 55 24762992
48 100 505543900
65 42 19417283
22 110 225411033
28 102 6516016
85 50 26212759
70 32 45299976
81 103 53097097
4 13 14798756
1 75 101977536
27 106 659515933
41 96 102334645
50 117 447743213
4 74 245897703
49 121 27682716
115 94 242749036
27 94 26298491
57 98 143422687
93 94 97847009
97 70 63125447
117 65 7793731
47 41 395744231
72 82 555594838
23 122 89857309
65 8 96007580
60 111 398267441
124 122 638701455
46 10 911361806
123 67 556719535
116 90 18772404
100 110 7353697
43 62 134699289
88 95 723109041
6 111 90754093
82 89 84210726
108 34 149090475
26 122 517629282
49 43 661251385
35 63 500507911
37 64 691053949
18 17 123918913
35 82 185732779
64 60 128937621
95 98 576162746
16 20 16777531
45 110 159309409
102 51 97729441
76 14 725624161
121 60 101459227
35 92 377170399
19 40 127871901
59 24 66394201
8 47 478911342
112 120 21781249
102 67 834364373
67 5 163119076
119 114 21666736
43 72 415331841
89 35 495175645
77 23 349958926
49 97 920192531
33 17 11829301
25 75 53279911
8 121 119827953
111 69 381599085
